0,1,2,3,4
0.14964014,0.8491676,0.13654268,0.92348254,0.15755248
0.9082902,0.22469765,0.55360454,0.45107824,0.42410356
0.3619051,0.8833675,0.62355417,0.14134067,0.11591011
0.962852,0.85274047,0.14426965,0.24881577,0.6058707
0.042896986,0.8406826,0.896343,0.34544802,0.63865143
0.44632727,0.032742202,0.082745135,0.93800163,0.20366102
0.69847405,0.5515126,0.29898065,0.7774229,0.366472
0.11915469,0.8740935,0.8785842,0.34026724,0.3189271
0.37987816,0.04573065,0.669469,0.7632588,0.6572629
0.07546544,0.97152746,0.90228134,0.7610668,0.31091696
